0, 1360
0, 1584
0, 1456
0, 1696
0, 1728
0, 39945
0, 3008
0, 2144
0, 1376
0, 1472
0, 1488
0, 1328
0, 1920
0, 1104
0, 1264
0, 1440
0, 39961
0, 3472
0, 1488
0, 1712
0, 1504
0, 1456
0, 1472
0, 1600
0, 1536
0, 1792
0, 1248
0, 40329
0, 3440
0, 2032
0, 1904
0, 1408
0, 1712
0, 1472
0, 1696
0, 1600
0, 1440
0, 1440
0, 40041
0, 3200
0, 2096
0, 1712
0, 1808
0, 1792
0, 1456
0, 1552
0, 1568
0, 736
0, 1824
0, 39417
0, 3200
0, 1888
0, 960
0, 1584
0, 1568
0, 1712
0, 1424
0, 1472
0, 1488
0, 1504
0, 40265
0, 2944
0, 2048
0, 1504
0, 1440
0, 1504
0, 1264
0, 1696
0, 1120
0, 1712
0, 1424
0, 39833
0, 3312
0, 2096
0, 1296
0, 1216
0, 1344
0, 1424
0, 1552
0, 1392
0, 1664
0, 1968
0, 40153
0, 3296
0, 1488
0, 1664
0, 1600
0, 1376
0, 1664
0, 1040
0, 1584
0, 1584
0, 1776
0, 39929
0, 3104
0, 1664
0, 1680
0, 1280
0, 1536
0, 1504
0, 1408
0, 1616
0, 1600
0, 1376
0, 40313
0, 3408
0, 2448
0, 2288
0, 1584
0, 1856
0, 1568
0, 1600
0, 1712
0, 1616
0, 1600
0, 40409
0, 3152
0, 2448
0, 1520
0, 1584
0, 1568
0, 1424
0, 1776
0, 1808
0, 1440
0, 1696
0, 40153
0, 2880
0, 2112
0, 1408
0, 1568
0, 1120
0, 1520
0, 1600
0, 1552
0, 1664
0, 1536
0, 39801
0, 3456
0, 1904
0, 1584
0, 1536
0, 1680
0, 1696
0, 1664
0, 2016
0, 1856
0, 1536
0, 40377
0, 3072
0, 1344
0, 1760
0, 1200
0, 1040
0, 1360
0, 1376
0, 1776
0, 1680
0, 1520
0, 40345
0, 3280
0, 2608
0, 2240
0, 1568
0, 1648
0, 1600
0, 1680
0, 1728
0, 1984
0, 1920
0, 400570
0, 0
0, 0
0, 0
0, 0
0, 0
0, 0
0, 1200
0, 0
0, 0
0, 0
0, 0
0, 0
0, 0
0, 256
0, 0
0, 0
0, 0
0, 992
0, 0
0, 0
0, 0
0, 0
0, 0
0, 0
0, 0
0, 96
0, 0
0, 0
0, 784
0, 0
0, 0
0, 0
0, 0
0, 0
0, 0
0, 0
0, 0
0, 0
0, 0
0, 816
0, 0
0, 0
0, 0
0, 0
0, 0
0, 0
0, 0
0, 0
0, 0
0, 0
0, 1120
0, 0
0, 0
0, 0
0, 0
0, 0
0, 0
0, 0
0, 0
0, 0
0, 0
0, 1360
0, 0
0, 0
0, 32
0, 0
0, 0
0, 0
0, 0
0, 0
0, 0
0, 0
0, 1216
0, 0
0, 0
0, 0
0, 0
0, 0
0, 0
0, 0
0, 0
0, 0
0, 48
0, 3664
0, 0
0, 0
0, 0
0, 0
0, 16
0, 0
0, 0
0, 0
0, 0
0, 0
0, 960
0, 0
0, 0
0, 0
0, 0
0, 0
0, 0
0, 0
0, 0
0, 0
0, 0
0, 1040
0, 0
0, 0
0, 0
0, 0
0, 0
0, 0
0, 0
0, 0
0, 0
0, 0
0, 1056
0, 0
0, 0
0, 0
0, 0
0, 0
0, 0
0, 0
0, 0
0, 0
0, 0
0, 848
0, 0
0, 0
0, 0
0, 0
0, 0
0, 0
0, 0
0, 0
0, 0
0, 0
0, 832
0, 0
0, 0
0, 0
0, 0
0, 0
0, 0
0, 0
0, 0
0, 0
0, 0
0, 1056
0, 0
0, 0
0, 0
0, 0
0, 0
0, 0
0, 0
0, 16
0, 0
0, 0
0, 1216
0, 0
0, 0
0, 0
0, 0
0, 0
0, 0
0, 0
0, 0
0, 0
0, 0
0, 1056
0, 0
0, 0
0, 16
0, 0
0, 0
0, 0
0, 0
0, 0
0, 0
0, 0
0, 864
0, 0
0, 0
0, 0
0, 0
0, 0
0, 0
0, 0
0, 0
0, 16
0, 0
0, 1024
0, 0
0, 0
0, 0
0, 0
0, 0
0, 0
0, 0
0, 0
0, 0
0, 0
0, 864
0, 0
0, 0
0, 0
0, 0
0, 0
0, 0
0, 0
0, 0
0, 0
0, 48
0, 1040
0, 0
0, 0
0, 0
0, 0
0, 0
0, 0
0, 0
0, 0
0, 0
0, 32
0, 1200
0, 0
0, 0
0, 32
0, 0
0, 0
0, 0
0, 32
0, 0
0, 0
0, 0
0, 1120
0, 0
0, 0
0, 0
0, 0
0, 0
0, 16
0, 0
0, 0
0, 0
0, 0
0, 1072
0, 0
0, 0
0, 0
0, 0
0, 0
0, 0
0, 0
0, 0
0, 0
0, 64
0, 976
0, 0
0, 0
0, 0
0, 0
0, 0
0, 0
0, 0
0, 64
0, 0
0, 0
0, 1392
0, 0
0, 32
0, 0
0, 0
0, 0
0, 32
0, 0
0, 0
0, 0
0, 0
0, 928
0, 0
0, 0
0, 0
0, 0
0, 0
0, 0
0, 0
0, 0
0, 0
0, 0
0, 928
0, 0
0, 0
0, 0
0, 0
0, 0
0, 0
0, 0
0, 0
0, 80
0, 0
0, 1296
0, 0
0, 80
0, 0
0, 0
0, 0
0, 0
0, 0
0, 16
0, 0
0, 0
0, 1152
0, 0
0, 0
0, 0
0, 0
0, 0
0, 32
0, 0
0, 0
0, 0
0, 48
0, 1232
0, 0
0, 0
0, 0
0, 0
0, 0
0, 0
0, 0
0, 0
0, 0
0, 0
0, 1344
0, 0
0, 0
0, 0
0, 0
0, 0
0, 0
0, 0
0, 0
0, 0
0, 0
0, 960
0, 0
0, 16
0, 0
0, 0
0, 0
0, 0
0, 0
0, 0
0, 0
0, 0
0, 1312
0, 0
0, 0
0, 0
0, 0
0, 0
0, 0
0, 0
0, 0
0, 0
0, 0
0, 896
0, 0
0, 0
0, 0
0, 0
0, 0
0, 0
0, 0
0, 0
0, 0
0, 48
0, 944
0, 0
0, 0
0, 0
0, 0
0, 0
0, 0
0, 32
0, 32
0, 0
0, 0
0, 1376
0, 0
0, 0
0, 0
0, 0
0, 0
0, 0
0, 0
0, 0
0, 0
0, 0
0, 1120
0, 0
0, 0
0, 0
0, 0
0, 0
0, 0
0, 0
0, 0
0, 848
0, 352
0, 1296
0, 0
0, 0
0, 0
0, 0
0, 0
0, 0
0, 0
0, 0
0, 0
0, 0
0, 1056
0, 0
0, 0
0, 0
0, 0
0, 0
0, 0
0, 0
0, 0
0, 0
0, 0
0, 1344
0, 0
0, 0
0, 64
0, 80
0, 0
0, 0
0, 0
0, 0
0, 80
0, 0
0, 992
0, 0
0, 0
0, 0
0, 0
0, 0
0, 0
0, 0
0, 0
0, 0
0, 0
0, 1184
0, 16
0, 0
0, 0
0, 0
0, 96
0, 0
0, 0
0, 0
0, 16
0, 32
0, 928
0, 0
0, 0
0, 0
0, 0
0, 0
0, 0
0, 0
0, 0
0, 32
0, 32
0, 880
0, 0
0, 0
0, 0
0, 0
0, 0
0, 0
0, 0
0, 0
0, 0
0, 0
0, 1280
0, 0
0, 0
0, 0
0, 0
0, 0
0, 0
0, 64
0, 0
0, 0
0, 0
0, 1456
0, 0
0, 0
0, 0
0, 32
0, 0
0, 0
0, 0
0, 0
0, 16
0, 64
0, 1216
0, 0
0, 0
0, 64
0, 0
0, 0
0, 0
0, 64
0, 0
0, 0
0, 0
0, 896
0, 0
0, 0
0, 0
0, 0
0, 0
0, 96
0, 0
0, 0
0, 32
0, 0
0, 1152
0, 0
0, 0
0, 48
0, 0
0, 0
0, 0
0, 80
0, 0
0, 128
0, 0
0, 1104
0, 0
0, 64
0, 0
0, 0
0, 0
0, 64
0, 0
0, 0
0, 0
0, 0
0, 1376
0, 0
0, 0
0, 576
0, 224
0, 0
0, 0
0, 0
0, 0
0, 32
0, 0
0, 1344
0, 0
0, 0
0, 0
0, 0
0, 0
0, 144
0, 32
0, 0
0, 0
0, 16
0, 1424
0, 0
0, 0
0, 0
0, 0
0, 32
0, 0
0, 0
0, 0
0, 112
0, 0
0, 1152
0, 0
0, 128
0, 0
0, 0
0, 32
0, 16
0, 0
0, 0
0, 0
0, 48
0, 1360
0, 0
0, 0
0, 0
0, 64
0, 32
0, 0
0, 0
0, 0
0, 48
0, 0
0, 1440
0, 0
0, 48
0, 0
0, 0
0, 32
0, 0
0, 0
0, 0
0, 0
0, 0
0, 1536
0, 0
0, 0
0, 0
0, 0
0, 176
0, 0
0, 0
0, 0
0, 0
0, 48
0, 1184
0, 0
0, 0
0, 0
0, 128
0, 0
0, 0
0, 0
0, 16
0, 0
0, 0
0, 1312
0, 0
0, 0
0, 0
0, 0
0, 0
0, 48
0, 0
0, 0
0, 0
0, 48
0, 1280
0, 0
0, 0
0, 0
0, 80
0, 0
0, 0
0, 16
0, 64
0, 0
0, 0
0, 1296
0, 0
0, 0
0, 0
0, 0
0, 0
0, 0
0, 0
0, 208
0, 0
0, 0
0, 1376
0, 0
0, 0
0, 48
0, 0
0, 0
0, 0
0, 0
0, 0
0, 0
0, 80
0, 1472
0, 0
0, 0
0, 32
0, 0
0, 0
0, 32
0, 32
0, 128
0, 0
0, 0
0, 1664
0, 0
0, 0
0, 0
0, 0
0, 16
0, 432
0, 0
0, 0
0, 48
0, 96
0, 1152
0, 0
0, 0
0, 0
0, 0
0, 0
0, 0
0, 0
0, 48
0, 0
0, 0
0, 1408
0, 0
0, 0
0, 0
0, 0
0, 176
0, 0
0, 0
0, 0
0, 48
0, 0
0, 1472
0, 0
0, 0
0, 0
0, 112
0, 0
0, 0
0, 0
0, 1360
0, 0
0, 0
0, 1536
0, 0
0, 0
0, 0
0, 16
0, 16
0, 80
0, 0
0, 0
0, 0
0, 64
0, 1504
0, 0
0, 0
0, 32
0, 64
0, 0
0, 0
0, 0
0, 128
0, 0
0, 0
0, 1536
0, 0
0, 0
0, 0
0, 0
0, 0
0, 0
0, 192
0, 0
0, 0
0, 0
0, 1536
0, 0
0, 64
0, 80
0, 0
0, 0
0, 0
0, 64
0, 0
0, 0
0, 0
0, 1152
0, 0
0, 0
0, 0
0, 0
0, 0
0, 96
0, 112
0, 0
0, 0
0, 0
0, 1440
0, 0
0, 0
0, 0
0, 64
0, 0
0, 0
0, 0
0, 0
0, 0
0, 0
0, 1248
0, 0
0, 0
0, 0
0, 48
0, 0
0, 0
0, 48
0, 0
0, 0
0, 16
0, 1424
0, 0
0, 0
0, 0
0, 0
0, 1088
0, 432
0, 0
0, 0
0, 0
0, 48
0, 864
0, 0
0, 0
0, 0
0, 48
0, 0
0, 0
0, 0
0, 0
0, 128
0, 0
0, 960
0, 0
0, 0
0, 0
0, 0
0, 0
0, 0
0, 96
0, 0
0, 0
0, 0
0, 1200
0, 0
0, 0
0, 144
0, 0
0, 0
0, 0
0, 0
0, 0
0, 0
0, 0
0, 1168
0, 0
0, 0
0, 0
0, 0
0, 0
0, 0
0, 0
0, 128
0, 0
0, 0
0, 1232
0, 0
0, 0
0, 0
0, 96
0, 0
0, 96
0, 0
0, 0
0, 0
0, 0
0, 1424
0, 0
0, 0
0, 0
0, 0
0, 80
0, 0
0, 0
0, 64
0, 80
0, 0
0, 1168
0, 0
0, 0
0, 0
0, 0
0, 0
0, 0
0, 16
0, 0
0, 0
0, 0
0, 1360
0, 0
0, 0
0, 0
0, 0
0, 64
0, 0
0, 0
0, 0
0, 0
0, 0
0, 1120
0, 0
0, 0
0, 0
0, 0
0, 0
0, 0
0, 0
0, 0
0, 80
0, 0
0, 1008
0, 0
0, 0
0, 0
0, 0
0, 0
0, 0
0, 0
0, 48
0, 0
0, 0
0, 992
0, 0
0, 0
0, 0
0, 0
0, 64
0, 0
0, 0
0, 0
0, 0
0, 0
0, 1232
0, 0
0, 0
0, 32
0, 0
0, 0
0, 0
0, 0
0, 0
0, 0
0, 64
0, 704
0, 0
0, 0
0, 0
0, 0
0, 0
0, 0
0, 64
0, 0
0, 0
0, 0
0, 1248
0, 0
0, 0
0, 0
0, 0
0, 0
0, 0
0, 96
0, 0
0, 0
0, 0
0, 1232
0, 0
0, 0
0, 0
0, 96
0, 0
0, 0
0, 0
0, 0
0, 0
0, 0
0, 1088
0, 0
0, 992
0, 224
0, 0
0, 0
0, 0
0, 0
0, 0
0, 0
0, 0
0, 1264
0, 0
0, 0
0, 0
0, 80
0, 16
0, 0
0, 0
0, 0
0, 0
0, 0
0, 1104
0, 0
0, 0
0, 0
0, 64
0, 0
0, 0
0, 0
0, 96
0, 0
0, 0
0, 1232
0, 0
0, 0
0, 0
0, 0
0, 0
0, 0
0, 16
0, 0
0, 0
0, 0
0, 1168
0, 0
0, 0
0, 0
0, 0
0, 80
0, 0
0, 0
0, 0
0, 0
0, 0
0, 1312
0, 0
0, 0
0, 0
0, 48
0, 0
0, 0
0, 0
0, 80
0, 96
0, 0
0, 1232
0, 0
0, 0
0, 0
0, 0
0, 0
0, 0
0, 80
0, 0
0, 0
0, 0
0, 1136
0, 0
0, 0
0, 16
0, 48
0, 0
0, 640
0, 224
0, 80
0, 0
0, 0
0, 1120
0, 0
0, 0
0, 0
0, 0
0, 0
0, 16
0, 0
0, 0
0, 0
0, 0
0, 1024
0, 0
0, 0
0, 0
0, 128
0, 0
0, 0
0, 0
0, 0
0, 0
0, 0
0, 1184
0, 0
0, 0
0, 0
0, 0
0, 0
0, 0
0, 0
0, 0
0, 0
0, 0
0, 1088
0, 0
0, 0
0, 0
0, 0
0, 0
0, 0
0, 80
0, 0
0, 0
0, 0
0, 1056
0, 160
0, 0
0, 0
0, 0
0, 0
0, 0
0, 0
0, 0
0, 32
0, 48
0, 656
0, 0
0, 0
0, 0
0, 32
0, 0
0, 0
0, 0
0, 112
0, 0
0, 0
0, 1088
0, 0
0, 0
0, 0
0, 0
0, 0
0, 0
0, 0
0, 0
0, 0
0, 0
0, 1120
0, 0
0, 0
0, 0
0, 0
0, 0
0, 0
0, 0
0, 0
0, 0
0, 32
0, 1136
0, 0
0, 0
0, 128
0, 0
0, 0
0, 16
0, 0
0, 0
0, 0
0, 0
0, 1200
0, 0
0, 0
0, 0
0, 0
0, 0
0, 32
0, 0
0, 0
0, 0
0, 0
0, 1312
0, 0
0, 0
0, 112
0, 0
0, 0
0, 0
0, 0
0, 0
0, 0
0, 48
0, 960
0, 0
0, 0
0, 0
0, 0
0, 0
0, 0
0, 0
0, 64
0, 0
0, 0
0, 1088
0, 0
0, 0
0, 0
0, 0
0, 0
0, 160
0, 0
0, 0
0, 0
0, 0
0, 880
0, 0
0, 0
0, 0
0, 0
0, 96
0, 0
0, 0
0, 0
0, 32
0, 112
0, 992
0, 0
0, 0
0, 0
0, 0
0, 0
0, 0
0, 16
0, 48
0, 0
0, 720
0, 1152
0, 0
0, 0
0, 0
0, 0
0, 144
0, 0
0, 0
0, 0
0, 0
0, 0
0, 992
0, 0
0, 0
0, 0
0, 0
0, 0
0, 0
0, 16
0, 16
0, 0
0, 0
0, 992
0, 0
0, 128
0, 0
0, 0
0, 0
0, 0
0, 0
0, 0
0, 0
0, 0
0, 1136
0, 0
0, 0
0, 0
0, 128
0, 80
0, 0
0, 0
0, 0
0, 0
0, 0
0, 896
0, 0
0, 80
0, 0
0, 0
0, 0
0, 0
0, 0
0, 48
0, 0
0, 0
0, 1232
0, 64
0, 0
0, 0
0, 0
0, 0
0, 0
0, 0
0, 0
0, 0
0, 0
0, 1232
0, 0
0, 0
0, 0
0, 32
0, 0
0, 0
0, 0
0, 0
0, 0
0, 0
0, 1024
0, 0
0, 0
0, 0
0, 0
0, 0
0, 0
0, 48
0, 64
0, 0
0, 0
0, 1024
0, 0
0, 0
0, 0
0, 0
0, 64
0, 256
0, 0
0, 0
0, 0
0, 0
0, 912
0, 0
0, 0
0, 0
0, 0
0, 48
0, 0
0, 0
0, 0
0, 496
0, 0
0, 992
0, 0
0, 64
0, 0
0, 0
0, 0
0, 0
0, 48
0, 0
0, 0
0, 0
0, 1392
0, 0
0, 0
0, 0
0, 0
0, 96
0, 0
0, 0
0, 0
0, 0
0, 0
0, 992
0, 0
0, 0
0, 0
0, 0
0, 16
0, 0
0, 0
0, 0
0, 0
0, 64
0, 1040
0, 0
0, 48
0, 0
0, 0
0, 0
0, 0
0, 0
0, 32
0, 0
0, 0
0, 1072
0, 0
0, 0
0, 0
0, 0
0, 96
0, 96
0, 0
0, 0
0, 160
0, 0
0, 1024
0, 0
0, 0
0, 0
0, 0
0, 0
0, 32
0, 0
0, 32
0, 0
0, 0
0, 1040
0, 0
0, 0
0, 0
0, 0
0, 64
0, 0
0, 0
0, 0
0, 0
0, 0
0, 1072
0, 0
0, 32
0, 0
0, 0
0, 112
0, 0
0, 0
0, 0
0, 160
0, 0
0, 1104
0, 0
0, 80
0, 0
0, 0
0, 0
0, 0
0, 64
0, 0
0, 0
0, 0
0, 1280
0, 0
0, 0
0, 0
0, 64
0, 32
0, 0
0, 0
0, 0
0, 0
0, 48
0, 896
0, 0
0, 0
0, 0
0, 0
0, 160
0, 176
0, 16
0, 0
0, 0
0, 0
0, 1344
0, 0
0, 0
0, 0
0, 32
0, 0
0, 0
0, 0
0, 0
0, 0
0, 0
0, 1184
0, 0
0, 16
0, 0
0, 32
0, 0
0, 0
0, 0
0, 16
0, 0
0, 0
0, 1200
0, 48
0, 0
0, 0
0, 48
0, 128
0, 0
0, 0
0, 0
0, 0
0, 0
0, 1184
0, 0
0, 0
0, 64
0, 96
0, 0
0, 0
0, 32
0, 0
0, 0
0, 0
0, 864
0, 0
0, 64
0, 0
0, 0
0, 0
0, 0
0, 0
0, 0
0, 0
0, 0
0, 1280
0, 0
0, 0
0, 0
0, 0
0, 96
0, 0
0, 0
0, 0
0, 0
0, 128
0, 880
0, 0
0, 0
0, 0
0, 0
0, 0
0, 0
0, 0
0, 0
0, 0
0, 0
0, 1040
0, 0
0, 0
0, 0
0, 0
0, 0
0, 64
0, 0
0, 64
0, 0
0, 0
0, 832
0, 0
0, 0
0, 0
0, 0
0, 48
0, 48
0, 0
0, 0
0, 0
0, 80
0, 1296
0, 0
0, 0
0, 128
0, 0
0, 0
0, 0
0, 0
0, 0
0, 256
0, 0
0, 1120
0, 0
0, 0
0, 0
0, 0
0, 16
0, 96
0, 0
0, 0
0, 0
0, 0
0, 896
0, 0
0, 0
0, 0
0, 16
0, 96
0, 0
0, 0
0, 0
0, 64
0, 0
0, 1088
0, 0
0, 0
0, 128
0, 0
0, 0
0, 0
0, 80
0, 0
0, 0
0, 0
0, 864
0, 16
0, 0
0, 0
0, 0
0, 80
0, 0
0, 0
0, 0
0, 0
0, 128
0, 880
0, 0
0, 0
0, 224
0, 0
0, 0
0, 0
0, 64
0, 112
0, 0
0, 0
0, 1152
0, 0
0, 0
0, 0
0, 0
0, 176
0, 0
0, 0
0, 48
0, 0
0, 64
0, 768
0, 0
0, 0
0, 0
0, 0
0, 0
0, 0
0, 0
0, 0
0, 64
0, 0
0, 592
0, 0
0, 0
0, 0
0, 0
0, 0
0, 0
0, 64
0, 0
0, 0
0, 0
0, 1344
0, 0
0, 0
0, 0
0, 0
0, 0
0, 32
0, 0
0, 0
0, 0
0, 0
0, 1360
0, 0
0, 0
0, 48
0, 0
0, 0
0, 0
0, 0
0, 0
0, 48
0, 0
0, 1072
0, 0
0, 0
0, 0
0, 0
0, 48
0, 0
0, 0
0, 0
0, 0
0, 0
0, 1152
0, 16
0, 0
0, 0
0, 0
0, 16
0, 0
0, 1104
0, 352
0, 176
0, 0
0, 976
0, 0
0, 144
0, 0
0, 0
0, 0
0, 32
0, 0
0, 0
0, 0
0, 16
0, 1200
0, 0
0, 0
0, 0
0, 0
0, 208
0, 0
0, 0
0, 112
0, 64
0, 0
0, 1024
0, 0
0, 0
0, 0
0, 0
0, 0
0, 128
0, 0
0, 0
0, 0
0, 0
0, 1056
0, 0
0, 0
0, 0
0, 80
0, 32
0, 0
0, 0
0, 48
0, 32
0, 0
0, 960
0, 0
0, 0
0, 112
0, 0
0, 0
0, 64
0, 80
0, 0
0, 0
0, 32
0, 1024
0, 0
0, 0
0, 144
0, 32
0, 0
0, 0
0, 32
0, 0
0, 0
0, 0
0, 976
0, 0
0, 0
0, 96
0, 0
0, 0
0, 0
0, 1216
0, 0
0, 0
0, 0
0, 1136
0, 0
0, 0
0, 96
0, 80
0, 0
0, 0
0, 0
0, 0
0, 80
0, 80
0, 896
0, 0
0, 0
0, 176
0, 0
0, 0
0, 32
0, 0
0, 0
0, 0
0, 48
0, 1024
0, 0
0, 0
0, 0
0, 32
0, 96
0, 0
0, 0
0, 0
0, 80
0, 0
0, 864
0, 0
0, 64
0, 0
0, 0
0, 0
0, 32
0, 0
0, 80
0, 0
0, 0
0, 1104
0, 0
0, 0
0, 0
0, 32
0, 16
0, 0
0, 0
0, 0
0, 0
0, 0
0, 1056
0, 0
0, 0
0, 0
0, 0
0, 112
0, 0
0, 0
0, 0
0, 32
0, 0
0, 896
0, 0
0, 16
0, 0
0, 0
0, 32
0, 0
0, 0
0, 0
0, 0
0, 0
0, 1200
0, 16
0, 0
0, 0
0, 0
0, 48
0, 0
0, 0
0, 0
0, 112
0, 80
0, 864
0, 0
0, 0
0, 0
0, 0
0, 0
0, 0
0, 32
0, 64
0, 0
0, 0
0, 1216
0, 16
0, 0
0, 0
0, 512
0, 240
0, 0
0, 0
0, 16
0, 0
0, 16
0, 1024
0, 0
0, 0
0, 32
0, 0
0, 0
0, 32
0, 80
0, 0
0, 0
0, 0
0, 1376
0, 0
0, 0
0, 0
0, 80
0, 0
0, 64
0, 0
0, 0
0, 0
0, 0
0, 1360
0, 0
0, 0
0, 0
0, 160
0, 0
0, 0
0, 48
0, 0
0, 0
0, 0
0, 1344
0, 0
0, 144
0, 0
0, 0
0, 1200
0, 0
0, 0
0, 48
0, 64
0, 96
0, 928
0, 0
0, 0
0, 0
0, 0
0, 48
0, 16
0, 64
0, 64
0, 0
0, 0
0, 1328
0, 0
0, 0
0, 0
0, 0
0, 64
0, 128
0, 0
0, 0
0, 64
0, 144
0, 912
0, 0
0, 0
0, 0
0, 0
0, 0
0, 96
0, 0
0, 0
0, 0
0, 0
0, 848
0, 0
0, 96
0, 0
0, 0
0, 144
0, 1200
0, 0
0, 0
0, 48
0, 0
0, 1024
0, 0
0, 0
0, 64
0, 0
0, 0
0, 0
0, 0
0, 64
0, 0
0, 0
0, 1120
0, 160
0, 0
0, 0
0, 0
0, 64
0, 48
0, 0
0, 16
0, 0
0, 0
0, 1024
0, 0
0, 0
0, 0
0, 96
0, 0
0, 0
0, 0
0, 32
0, 0
0, 0
0, 1248
0, 32
0, 0
0, 0
0, 16
0, 0
0, 32
0, 0
0, 0
0, 0
0, 160
0, 1376
0, 0
0, 0
0, 16
0, 64
0, 0
0, 0
0, 0
0, 176
0, 0
0, 0
0, 1232
0, 0
0, 0
0, 0
0, 0
0, 64
0, 64
0, 0
0, 0
0, 32
0, 48
0, 960
0, 0
0, 0
0, 64
0, 16
0, 0
0, 0
0, 64
0, 0
0, 48
0, 0
0, 912
0, 0
0, 224
0, 0
0, 0
0, 96
0, 16
0, 0
0, 0
0, 64
0, 240
0, 928
0, 0
0, 0
0, 0
0, 32
0, 0
0, 0
0, 0
0, 16
0, 80
0, 0
0, 544
0, 0
0, 16
0, 0
0, 0
0, 96
0, 0
0, 0
0, 0
0, 0
0, 160
0, 1136
0, 0
0, 0
0, 0
0, 112
0, 0
0, 0
0, 0
0, 112
0, 96
0, 0
0, 976
0, 16
0, 0
0, 0
0, 0
0, 0
0, 0
0, 80
0, 0
0, 0
0, 96
0, 992
0, 0
0, 0
0, 0
0, 0
0, 208
0, 0
0, 0
0, 16
0, 0
0, 16
0, 1152
0, 0
0, 0
0, 0
0, 0
0, 0
0, 0
0, 80
0, 0
0, 0
0, 0
0, 912
0, 16
0, 0
0, 0
0, 0
0, 96
0, 0
0, 0
0, 0
0, 0
0, 0
0, 1152
0, 1024
0, 320
0, 80
0, 0
0, 0
0, 0
0, 0
0, 80
0, 0
0, 0
0, 1040
0, 0
0, 0
0, 0
0, 0
0, 0
0, 80
0, 0
0, 0
0, 0
0, 0
0, 1248
0, 0
0, 0
0, 0
0, 64
0, 0
0, 0
0, 0
0, 16
0, 64
0, 0
0, 1040
0, 0
0, 48
0, 0
0, 0
0, 0
0, 0
0, 160
0, 0
0, 0
0, 0
0, 1296
0, 0
0, 0
0, 80
0, 80
0, 96
0, 0
0, 0
0, 48
0, 0
0, 0
0, 1344
0, 0
0, 0
0, 32
0, 0
0, 0
0, 64
0, 80
0, 0
0, 0
0, 32
0, 1232
0, 0
0, 0
0, 144
0, 0
0, 64
0, 0
0, 0
0, 0
0, 64
0, 0
0, 960
0, 16
0, 48
0, 0
0, 0
0, 16
0, 16
0, 80
0, 0
0, 0
0, 16
0, 896
0, 0
0, 32
0, 0
0, 32
0, 0
0, 1056
0, 208
0, 96
0, 0
0, 0
0, 1264
0, 0
0, 0
0, 0
0, 0
0, 0
0, 16
0, 0
0, 0
0, 0
0, 0
0, 1120
0, 0
0, 0
0, 0
0, 112
0, 0
0, 0
0, 144
0, 96
0, 16
0, 0
0, 1168
0, 0
0, 48
0, 0
0, 0
0, 0
0, 112
0, 0
0, 0
0, 0
0, 96
0, 1408
0, 0
0, 0
0, 0
0, 144
0, 0
0, 0
0, 80
0, 0
0, 176
0, 96
0, 816
0, 0
0, 0
0, 0
0, 0
0, 0
0, 32
0, 0
0, 0
0, 64
0, 80
0, 1360
0, 0
0, 0
0, 176
0, 0
0, 0
0, 0
0, 0
0, 192
0, 0
0, 0
0, 1120
0, 0
0, 912
0, 0
0, 0
0, 512
0, 400
0, 0
0, 0
0, 64
0, 16
0, 832
0, 0
0, 0
0, 0
0, 0
0, 16
0, 0
0, 0
0, 48
0, 0
0, 0
0, 1168
0, 0
0, 0
0, 0
0, 80
0, 96
0, 160
0, 0
0, 0
0, 48
0, 0
0, 912
0, 0
0, 0
0, 32
0, 80
0, 0
0, 0
0, 0
0, 112
0, 0
0, 0
0, 960
0, 16
0, 0
0, 0
0, 80
0, 64
0, 176
0, 0
0, 0
0, 16
0, 0
0, 1072
0, 0
0, 0
0, 112
0, 0
0, 0
0, 0
0, 16
0, 256
0, 0
0, 0
0, 1200
0, 128
0, 0
0, 0
0, 0
0, 160
0, 0
0, 16
0, 0
0, 128
0, 0
0, 944
0, 0
0, 48
0, 0
0, 0
0, 80
0, 0
0, 128
0, 0
0, 0
0, 64
0, 1424
0, 0
0, 64
0, 0
0, 16
0, 0
0, 0
0, 112
0, 64
0, 0
0, 0
0, 1040
0, 0
0, 0
0, 0
0, 0
0, 0
0, 48
0, 64
0, 0
0, 0
0, 0
0, 1152
0, 0
0, 0
0, 80
0, 176
0, 0
0, 0
0, 64
0, 112
0, 64
0, 0
0, 1200
0, 0
0, 48
0, 0
0, 0
0, 0
0, 80
0, 0
0, 0
0, 0
0, 48
0, 1216
0, 0
0, 0
0, 112
0, 32
0, 0
0, 0
0, 0
0, 0
0, 144
0, 0
0, 1312
0, 0
0, 32
0, 0
0, 0
0, 0
0, 176
0, 0
0, 0
0, 96
0, 96
0, 1184
0, 0
0, 0
0, 0
0, 0
0, 0
0, 0
0, 0
0, 0
0, 16
0, 0
0, 912
0, 0
0, 80
0, 0
0, 0
0, 0
0, 96
0, 288
0, 0
0, 0
0, 0
0, 864
0, 0
0, 0
0, 0
0, 0
0, 128
0, 0
0, 0
0, 0
0, 16
0, 48
0, 1104
0, 0
0, 0
0, 128
0, 0
0, 0
0, 176
0, 0
0, 0
0, 16
0, 0
0, 1040
0, 96
0, 0
0, 0
0, 160
0, 0
0, 0
0, 80
0, 64
0, 160
0, 0
0, 1264
0, 64
0, 0
0, 0
0, 0
0, 0
0, 208
0, 0
0, 0
0, 32
0, 32
0, 1264
0, 0
0, 0
0, 80
0, 240
0, 0
0, 0
0, 80
0, 32
0, 0
0, 0
0, 992
0, 48
0, 0
0, 0
0, 0
0, 112
0, 144
0, 0
0, 0
0, 0
0, 0
0, 576
0, 0
0, 32
0, 0
0, 48
0, 0
0, 0
0, 0
0, 48
0, 0
0, 0
0, 1088
0, 0
0, 64
0, 0
0, 0
0, 112
0, 0
0, 0
0, 0
0, 0
0, 0
0, 1088
0, 0
0, 0
0, 0
0, 32
0, 0
0, 0
0, 0
0, 48
0, 160
0, 0
0, 800
0, 48
0, 0
0, 0
0, 0
0, 0
0, 0
0, 128
0, 0
0, 0
0, 0
0, 1120
0, 0
0, 0
0, 0
0, 0
0, 640
0, 0
0, 0
0, 48
0, 0
0, 0
0, 880
0, 0
0, 0
0, 0
0, 0
0, 0
0, 0
0, 0
0, 176
0, 0
0, 0
0, 672
0, 80
0, 0
0, 0
0, 0
0, 48
0, 144
0, 0
0, 48
0, 0
0, 32
0, 1024
0, 0
0, 0
0, 32
0, 0
0, 0
0, 96
0, 112
0, 96
0, 0
0, 0
0, 1088
0, 0
0, 0
0, 0
0, 80
0, 144
0, 0
0, 0
0, 0
0, 0
0, 160
0, 880
0, 0
0, 0
0, 112
0, 0
0, 0
0, 16
0, 16
0, 0
0, 0
0, 0
0, 1216
0, 0
0, 0
0, 0
0, 0
0, 128
0, 0
0, 0
0, 0
0, 0
0, 128
0, 640
0, 0
0, 0
0, 0
0, 0
0, 0
0, 0
0, 208
0, 0
0, 0
0, 16
0, 1232
0, 0
0, 0
0, 0
0, 0
0, 128
0, 32
0, 0
0, 0
0, 96
0, 128
0, 848
0, 0
0, 0
0, 128
0, 0
0, 0
0, 128
0, 0
0, 32
0, 0
0, 0
0, 1024
0, 0
0, 0
0, 0
0, 112
0, 0
0, 0
0, 0
0, 96
0, 64
0, 64
0, 864
0, 0
0, 48
0, 64
0, 0
0, 0
0, 0
0, 80
0, 192
0, 0
0, 0
0, 960
0, 112
0, 0
0, 0
0, 192
0, 0
0, 0
0, 32
0, 32
0, 0
0, 0
0, 1024
0, 0
0, 0
0, 16
0, 0
0, 0
0, 0
0, 192
0, 0
0, 0
0, 0
0, 784
0, 64
0, 0
0, 0
0, 0
0, 0
0, 208
0, 0
0, 0
0, 64
0, 64
0, 512
0, 0
0, 32
0, 224
0, 0
0, 0
0, 64
0, 64
0, 0
0, 0
0, 0
0, 992
0, 96
0, 0
0, 0
0, 64
0, 112
0, 0
0, 0
0, 48
0, 48
0, 0
0, 864
0, 32
0, 0
0, 0
0, 0
0, 0
0, 0
0, 144
0, 0
0, 0
0, 0
0, 896
0, 32
0, 0
0, 0
0, 0
0, 80
0, 128
0, 0
0, 0
0, 96
0, 160
0, 1360
0, 0
0, 0
0, 16
0, 0
0, 0
1, 0
1, 16
1, 0
1, 0
1, 0
1, 1184
1, 160
1, 0
1, 0
1, 0
1, 80
1, 0
1, 0
1, 80
1, 80
1, 0
1, 864
1, 0
1, 0
1, 32
1, 0
1, 0
1, 0
1, 96
1, 160
1, 0
1, 0
1, 1440
1, 128
1, 0
1, 0
1, 160
1, 0
1, 0
1, 0
1, 48
1, 0
1, 80
1, 1168
1, 0
1, 0
1, 192
1, 0
1, 0
1, 128
1, 0
1, 0
1, 0
1, 192
1, 1056
1, 0
1, 16
1, 160
1, 32
1, 0
1, 0
1, 0
1, 64
1, 0
1, 0
1, 1216
1, 0
1, 0
1, 0
1, 0
1, 16
1, 0
1, 80
1, 0
1, 0
1, 0
1, 1280
1, 32
1, 144
1, 176
1, 0
1, 0
1, 16
1, 96
1, 48
1, 0
1, 0
1, 1200
1, 0
1, 0
1, 480
1, 176
1, 96
1, 0
1, 0
1, 16
1, 0
1, 96
1, 608
1, 0
1, 16
1, 48
1, 0
1, 0
1, 0
1, 112
1, 0
1, 0
1, 96
1, 1408
1, 0
1, 0
1, 80
1, 96
1, 224
1, 0
1, 0
1, 128
1, 0
1, 0
1, 1088
1, 0
1, 32
1, 0
1, 0
1, 0
1, 128
1, 0
1, 0
1, 0
1, 128
1, 1232
1, 0
1, 0
1, 80
1, 80
1, 0
1, 0
1, 128
1, 0
1, 0
1, 0
1, 1024
1, 32
1, 0
1, 0
1, 64
1, 112
1, 0
1, 0
1, 0
1, 48
1, 400
1, 944
1, 0
1, 160
1, 0
1, 0
1, 0
1, 0
1, 32
1, 256
1, 0
1, 0
1, 976
1, 64
1, 0
1, 0
1, 0
1, 144
1, 0
1, 0
1, 80
1, 0
1, 80
1, 1024
1, 0
1, 0
1, 48
1, 0
1, 0
1, 64
1, 0
1, 176
1, 0
1, 0
1, 1472
1, 0
1, 0
1, 16
1, 144
1, 0
1, 0
1, 32
1, 0
1, 16
1, 256
1, 1216
1, 0
1, 192
1, 0
1, 0
1, 128
1, 0
1, 0
1, 0
1, 192
1, 0
1, 1024
1, 80
1, 96
1, 0
1, 0
1, 0
1, 0
1, 0
1, 128
1, 0
1, 0
1, 1168
1, 160
1, 0
1, 0
1, 64
1, 0
1, 768
1, 0
1, 48
1, 0
1, 0
1, 912
1, 0
1, 0
1, 0
1, 160
1, 0
1, 0
1, 0
1, 128
1, 0
1, 0
1, 896
1, 0
1, 160
1, 0
1, 0
1, 0
1, 160
1, 0
1, 0
1, 0
1, 144
1, 1104
1, 0
1, 32
1, 0
1, 0
1, 0
1, 160
1, 64
1, 0
1, 0
1, 0
1, 928
1, 0
1, 0
1, 0
1, 0
1, 0
1, 208
1, 0
1, 1152
1, 336
1, 272
1, 848
1, 0
1, 0
1, 80
1, 0
1, 0
1, 128
1, 0
1, 0
1, 0
1, 0
1, 1152
1, 0
1, 208
1, 64
1, 192
1, 0
1, 0
1, 32
1, 192
1, 0
1, 336
1, 1360
1, 0
1, 0
1, 48
1, 0
1, 64
1, 224
1, 0
1, 0
1, 0
1, 80
1, 896
1, 0
1, 0
1, 64
1, 0
1, 0
1, 128
1, 240
1, 0
1, 80
1, 32
1, 720
1, 0
1, 0
1, 0
1, 96
1, 192
1, 0
1, 0
1, 16
1, 304
1, 0
1, 928
1, 112
1, 112
1, 0
1, 32
1, 128
1, 0
1, 0
1, 0
1, 0
1, 48
1, 1296
1, 0
1, 0
1, 80
1, 64
1, 0
1, 0
1, 128
1, 272
1, 0
1, 0
1, 1008
1, 112
1, 0
1, 192
1, 0
1, 0
1, 0
1, 0
1, 128
1, 0
1, 0
1, 1024
1, 32
1, 80
1, 0
1, 80
1, 96
1, 272
1, 0
1, 0
1, 144
1, 48
1, 928
1, 0
1, 32
1, 128
1, 0
1, 0
1, 64
1, 144
1, 0
1, 0
1, 208
1, 1376
1, 0
1, 48
1, 128
1, 0
1, 0
1, 0
1, 0
1, 0
1, 80
1, 0
1, 1024
1, 16
1, 0
1, 0
1, 0
1, 192
1, 144
1, 0
1, 96
1, 144
1, 0
1, 1040
1, 0
1, 0
1, 0
1, 0
1, 0
1, 0
1, 64
1, 96
1, 160
1, 0
1, 976
1, 0
1, 0
1, 0
1, 0
1, 0
1, 112
1, 0
1, 32
1, 0
1, 176
1, 1072
1, 0
1, 0
1, 176
1, 0
1, 0
1, 80
1, 224
1, 80
1, 0
1, 0
1, 1312
1, 48
1, 0
1, 32
1, 0
1, 96
1, 0
1, 0
1, 0
1, 96
1, 288
1, 1072
1, 1200
1, 432
1, 0
1, 0
1, 0
1, 192
1, 0
1, 0
1, 16
1, 128
1, 1024
1, 0
1, 0
1, 208
1, 0
1, 0
1, 0
1, 160
1, 0
1, 80
1, 112
1, 1120
1, 0
1, 0
1, 96
1, 96
1, 0
1, 0
1, 64
1, 160
1, 256
1, 0
1, 1088
1, 0
1, 0
1, 0
1, 16
1, 16
1, 192
1, 0
1, 0
1, 0
1, 32
1, 928
1, 0
1, 80
1, 160
1, 0
1, 0
1, 128
1, 0
1, 32
1, 0
1, 128
1, 1104
1, 0
1, 0
1, 0
1, 32
1, 144
1, 0
1, 16
1, 112
1, 0
1, 0
1, 1184
1, 32
1, 0
1, 0
1, 0
1, 0
1, 144
1, 0
1, 0
1, 0
1, 128
1, 1296
1, 0
1, 0
1, 64
1, 304
1, 0
1, 0
1, 176
1, 0
1, 0
1, 32
1, 1328
1, 0
1, 0
1, 0
1, 0
1, 96
1, 16
1, 0
1, 0
1, 16
1, 144
1, 800
1, 0
1, 96
1, 0
1, 0
1, 0
1, 0
1, 176
1, 144
1, 0
1, 0
1, 912
1, 192
1, 0
1, 0
1, 112
1, 112
1, 0
1, 32
1, 16
1, 208
1, 0
1, 1072
1, 0
1, 64
1, 0
1, 0
1, 112
1, 176
1, 0
1, 0
1, 112
1, 192
1, 944
1, 16
1, 32
1, 0
1, 32
1, 32
1, 0
1, 160
1, 0
1, 0
1, 32
1, 992
1, 0
1, 0
1, 176
1, 256
1, 0
1, 0
1, 16
1, 0
1, 64
1, 0
1, 1248
1, 0
1, 64
1, 0
1, 0
1, 0
1, 128
1, 0
1, 32
1, 48
1, 64
1, 1040
1, 48
1, 0
1, 0
1, 0
1, 0
1, 0
1, 160
1, 144
1, 0
1, 0
1, 1280
1, 160
1, 0
1, 64
1, 112
1, 0
1, 0
1, 128
1, 160
1, 0
1, 96
1, 1072
1, 0
1, 0
1, 0
1, 0
1, 128
1, 128
1, 0
1, 0
1, 80
1, 48
1, 1184
1, 112
1, 0
1, 0
1, 0
1, 0
1, 48
1, 288
1, 0
1, 0
1, 48
1, 1216
1, 0
1, 0
1, 128
1, 96
1, 0
1, 0
1, 0
1, 0
1, 192
1, 0
1, 960
1, 48
1, 48
1, 0
1, 0
1, 64
1, 208
1, 0
1, 0
1, 64
1, 16
1, 1184
1, 0
1, 0
1, 0
1, 192
1, 0
1, 0
1, 64
1, 304
1, 0
1, 16
1, 944
1, 176
1, 0
1, 0
1, 144
1, 32
1, 0
1, 0
1, 80
1, 64
1, 208
1, 1056
1, 0
1, 80
1, 0
1, 0
1, 80
1, 256
1, 0
1, 80
1, 96
1, 176
1, 1072
1, 16
1, 64
1, 0
1, 0
1, 0
1, 0
1, 160
1, 80
1, 0
1, 0
1, 1040
1, 128
1, 0
1, 64
1, 128
1, 0
1, 0
1, 96
1, 64
1, 80
1, 0
1, 1312
1, 0
1, 16
1, 0
1, 0
1, 0
1, 144
1, 0
1, 0
1, 16
1, 160
1, 800
1, 0
1, 0
1, 176
1, 128
1, 0
1, 96
1, 0
1, 64
1, 0
1, 0
1, 1136
1, 96
1, 0
1, 0
1, 128
1, 0
1, 0
1, 80
1, 0
1, 0
1, 144
1, 912
1, 0
1, 16
1, 64
1, 0
1, 0
1, 16
1, 176
1, 0
1, 0
1, 160
1, 1296
1, 0
1, 128
1, 0
1, 0
1, 0
1, 0
1, 128
1, 96
1, 144
1, 0
1, 1040
1, 16
1, 0
1, 0
1, 176
1, 224
1, 0
1, 96
1, 128
1, 0
1, 0
1, 1536
1, 0
1, 96
1, 0
1, 0
1, 16
1, 256
1, 224
1, 0
1, 0
1, 80
1, 1440
1, 0
1, 16
1, 128
1, 0
1, 16
1, 0
1, 16
1, 208
1, 0
1, 0
1, 1088
1, 160
1, 0
1, 64
1, 64
1, 96
1, 0
1, 64
1, 96
1, 256
1, 0
1, 1280
1, 0
1, 32
1, 0
1, 0
1, 96
1, 160
1, 0
1, 0
1, 0
1, 304
1, 832
1, 0
1, 64
1, 144
1, 0
1, 48
1, 64
1, 0
1, 192
1, 0
1, 0
1, 1168
1, 0
1, 16
1, 272
1, 128
1, 0
1, 64
1, 112
1, 160
1, 0
1, 0
1, 1216
1, 0
1, 0
1, 0
1, 48
1, 176
1, 0
1, 0
1, 112
1, 160
1, 0
1, 1136
1, 48
1, 64
1, 0
1, 0
1, 0
1, 0
1, 64
1, 0
1, 16
1, 0
1, 1008
1, 0
1, 0
1, 112
1, 208
1, 0
1, 0
1, 128
1, 0
1, 128
1, 0
1, 1056
1, 0
1, 0
1, 16
1, 0
1, 0
1, 144
1, 0
1, 0
1, 144
1, 224
1, 928
1, 0
1, 80
1, 48
1, 0
1, 16
1, 0
1, 144
1, 0
1, 0
1, 16
1, 1312
1, 80
1, 0
1, 80
1, 96
1, 0
1, 48
1, 160
1, 0
1, 80
1, 0
1, 1360
1, 48
1, 0
1, 0
1, 96
1, 96
1, 96
1, 0
1, 0
1, 128
1, 208
1, 784
1, 0
1, 80
1, 336
1, 0
1, 64
1, 80
1, 128
1, 0
1, 0
1, 112
1, 1056
1, 0
1, 0
1, 64
1, 144
1, 0
1, 16
1, 0
1, 208
1, 0
1, 64
1, 1168
1, 0
1, 0
1, 64
1, 0
1, 96
1, 0
1, 0
1, 0
1, 176
1, 352
1, 1040
1, 0
1, 96
1, 0
1, 0
1, 144
1, 240
1, 0
1, 64
1, 0
1, 112
1, 1024
1, 0
1, 96
1, 128
1, 0
1, 0
1, 80
1, 304
1, 0
1, 0
1, 128
1, 1104
1, 0
1, 128
1, 48
1, 128
1, 0
1, 0
1, 16
1, 176
1, 0
1, 0
1, 1168
1, 160
1, 0
1, 48
1, 128
1, 0
1, 0
1, 128
1, 0
1, 144
1, 0
1, 704
1, 0
1, 144
1, 0
1, 80
1, 160
1, 304
1, 0
1, 0
1, 256
1, 32
1, 832
1, 0
1, 0
1, 48
1, 0
1, 160
1, 112
1, 32
1, 0
1, 32
1, 128
1, 1248
1, 0
1, 144
1, 16
1, 208
1, 0
1, 0
1, 0
1, 256
1, 0
1, 0
1, 1232
1, 160
1, 0
1, 64
1, 112
1, 224
1, 0
1, 0
1, 0
1, 208
1, 0
1, 1120
1, 0
1, 96
1, 0
1, 0
1, 112
1, 64
1, 0
1, 0
1, 144
1, 160
1, 1120
1, 32
1, 48
1, 0
1, 0
1, 0
1, 48
1, 304
1, 0
1, 0
1, 64
1, 1168
1, 0
1, 48
1, 32
1, 336
1, 0
1, 0
1, 96
1, 368
1, 0
1, 0
1, 1072
1, 0
1, 128
1, 0
1, 0
1, 64
1, 112
1, 0
1, 0
1, 144
1, 224
1, 864
1, 64
1, 48
1, 0
1, 48
1, 32
1, 0
1, 128
1, 0
1, 0
1, 224
1, 1104
1, 0
1, 0
1, 192
1, 352
1, 0
1, 64
1, 80
1, 112
1, 0
1, 80
1, 1216
1, 0
1, 0
1, 176
1, 176
1, 0
1, 0
1, 160
1, 272
1, 0
1, 16
1, 1408
1, 0
1, 0
1, 144
1, 0
1, 16
1, 0
1, 0
1, 64
1, 192
1, 160
1, 1168
1, 0
1, 176
1, 0
1, 128
1, 16
1, 144
1, 0
1, 128
1, 0
1, 224
1, 960
1, 0
1, 48
1, 0
1, 0
1, 0
1, 160
1, 384
1, 0
1, 64
1, 0
1, 1312
1, 0
1, 64
1, 224
1, 224
1, 0
1, 0
1, 80
1, 192
1, 0
1, 0
1, 1280
1, 416
1, 0
1, 64
1, 16
1, 144
1, 0
1, 0
1, 144
1, 224
1, 0
1, 1024
1, 64
1, 0
1, 0
1, 112
1, 272
1, 0
1, 0
1, 112
1, 0
1, 192
1, 1168
1, 0
1, 0
1, 64
1, 0
1, 0
1, 240
1, 224
1, 0
1, 0
1, 96
1, 1264
1, 0
1, 128
1, 208
1, 0
1, 80
1, 32
1, 208
1, 0
1, 0
1, 80
1, 1312
1, 0
1, 112
1, 160
1, 256
1, 0
1, 16
1, 192
1, 320
1, 0
1, 128
1, 1072
1, 0
1, 0
1, 128
1, 128
1, 0
1, 0
1, 48
1, 208
1, 0
1, 16
1, 1168
1, 0
1, 0
1, 128
1, 64
1, 80
1, 0
1, 0
1, 128
1, 192
1, 0
1, 1216
1, 128
1, 0
1, 0
1, 144
1, 0
1, 80
1, 0
1, 32
1, 0
1, 64
1, 1280
1, 96
1, 0
1, 112
1, 0
1, 32
1, 192
1, 464
1, 0
1, 32
1, 176
1, 1136
1, 0
1, 160
1, 0
1, 32
1, 0
1, 0
1, 112
1, 320
1, 0
1, 32
1, 1024
1, 272
1, 0
1, 80
1, 48
1, 256
1, 0
1, 0
1, 32
1, 208
1, 0
1, 704
1, 96
1, 48
1, 0
1, 0
1, 32
1, 192
1, 0
1, 96
1, 176
1, 0
1, 1024
1, 0
1, 0
1, 96
1, 0
1, 0
1, 144
1, 160
1, 0
1, 0
1, 96
1, 1344
1, 32
1, 32
1, 32
1, 48
1, 0
1, 0
1, 48
1, 208
1, 48
1, 0
1, 1296
1, 0
1, 0
1, 0
1, 176
1, 224
1, 0
1, 64
1, 208
1, 16
1, 0
1, 1376
1, 0
1, 128
1, 0
1, 0
1, 176
1, 256
1, 0
1, 48
1, 128
1, 0
1, 1232
1, 96
1, 0
1, 0
1, 0
1, 160
1, 48
1, 32
1, 0
1, 0
1, 112
1, 1376
1, 0
1, 128
1, 160
1, 144
1, 0
1, 64
1, 16
1, 128
1, 192
1, 0
1, 1184
1, 0
1, 0
1, 256
1, 224
1, 0
1, 80
1, 192
1, 0
1, 0
1, 80
1, 1328
1, 144
1, 0
1, 144
1, 0
1, 64
1, 0
1, 0
1, 96
1, 160
1, 0
1, 1152
1, 0
1, 128
1, 0
1, 144
1, 0
1, 80
1, 0
1, 32
1, 80
1, 128
1, 1056
1, 0
1, 0
1, 192
1, 0
1, 16
1, 0
1, 304
1, 0
1, 176
1, 0
1, 1104
1, 48
1, 0
1, 32
1, 208
1, 0
1, 0
1, 160
1, 176
1, 0
1, 0
1, 1104
1, 80
1, 0
1, 32
1, 224
1, 32
1, 0
1, 208
1, 48
1, 240
1, 0
1, 896
1, 16
1, 192
1, 0
1, 0
1, 192
1, 240
1, 0
1, 64
1, 144
1, 32
1, 1088
1, 32
1, 32
1, 0
1, 0
1, 128
1, 208
1, 0
1, 0
1, 16
1, 272
1, 736
1, 0
1, 144
1, 208
1, 0
1, 80
1, 224
1, 0
1, 0
1, 0
1, 64
1, 1200
1, 0
1, 160
1, 224
1, 288
1, 0
1, 80
1, 256
1, 128
1, 0
1, 176
1, 1344
1, 160
1, 96
1, 224
1, 0
1, 16
1, 144
1, 208
1, 0
1, 0
1, 192
1, 1280
1, 0
1, 160
1, 208
1, 32
1, 0
1, 0
1, 0
1, 112
1, 0
1, 0
1, 1152
1, 208
1, 0
1, 128
1, 128
1, 16
1, 0
1, 80
1, 272
1, 96
1, 0
1, 1296
1, 64
1, 0
1, 0
1, 128
1, 320
1, 0
1, 96
1, 144
1, 96
1, 0
1, 1568
1, 80
1, 0
1, 0
1, 192
1, 0
1, 144
1, 0
1, 0
1, 160
1, 192
1, 1136
1, 0
1, 160
1, 0
1, 0
1, 16
1, 32
1, 144
1, 0
1, 0
1, 80
1, 992
1, 144
1, 0
1, 16
1, 240
1, 0
1, 64
1, 256
1, 272
1, 0
1, 112
1, 1056
1, 80
1, 16
1, 80
1, 304
1, 0
1, 0
1, 144
1, 304
1, 0
1, 16
1, 1312
1, 16
1, 0
1, 48
1, 48
1, 224
1, 0
1, 0
1, 176
1, 272
1, 0
1, 1440
1, 192
1, 0
1, 128
1, 224
1, 0
1, 0
1, 128
1, 16
1, 128
1, 0
1, 720
1, 176
1, 240
1, 0
1, 0
1, 144
1, 112
1, 0
1, 128
1, 176
1, 0
1, 1088
1, 0
1, 64
1, 0
1, 0
1, 96
1, 240
1, 336
1, 0
1, 160
1, 272
1, 864
1, 0
1, 112
1, 96
1, 0
1, 160
1, 0
1, 240
1, 0
1, 0
1, 128
1, 1040
1, 0
1, 16
1, 192
1, 272
1, 0
1, 64
1, 240
1, 0
1, 176
1, 0
1, 1024
1, 128
1, 0
1, 144
1, 288
1, 0
1, 0
1, 80
1, 208
1, 0
1, 96
1, 1024
1, 0
1, 0
1, 64
1, 112
1, 192
1, 0
1, 0
1, 48
1, 144
1, 0
1, 1168
1, 208
1, 0
1, 160
1, 256
1, 0
1, 0
1, 0
1, 208
1, 96
1, 352
1, 896
1, 0
1, 32
1, 0
1, 0
1, 128
1, 192
1, 0
1, 112
1, 208
1, 48
1, 1136
1, 0
1, 96
1, 16
1, 0
1, 144
1, 224
1, 192
1, 0
1, 96
1, 224
1, 1120
1, 96
1, 96
1, 64
1, 0
1, 64
1, 64
1, 176
1, 0
1, 64
1, 256
1, 1424
1, 16
1, 192
1, 208
1, 0
1, 0
1, 256
1, 0
1, 0
1, 128
1, 0
1, 1056
1, 128
1, 96
1, 160
1, 176
1, 0
1, 64
1, 288
1, 0
1, 48
1, 256
1, 992
1, 64
1, 128
1, 0
1, 160
1, 0
1, 0
1, 96
1, 192
1, 0
1, 160
1, 1152
1, 16
1, 0
1, 96
1, 0
1, 160
1, 64
1, 0
1, 96
1, 288
1, 0
1, 1184
1, 0
1, 224
1, 0
1, 144
1, 160
1, 16
1, 96
1, 48
1, 240
1, 0
1, 992
1, 0
1, 144
1, 0
1, 0
1, 96
1, 336
1, 0
1, 64
1, 224
1, 304
1, 976
1, 64
1, 0
1, 80
1, 0
1, 0
1, 160
1, 320
1, 0
1, 0
1, 80
1, 1472
1, 0
1, 176
1, 256
1, 288
1, 0
1, 112
1, 0
1, 192
1, 0
1, 0
1, 1344
1, 240
1, 0
1, 16
1, 256
1, 0
1, 128
1, 192
1, 272
1, 0
1, 0
1, 1232
1, 0
1, 0
1, 48
1, 112
1, 272
1, 0
1, 64
1, 240
1, 336
1, 0
1, 1168
1, 128
1, 0
1, 176
1, 224
1, 0
1, 0
1, 128
1, 0
1, 256
1, 0
1, 992
1, 80
1, 336
1, 0
1, 32
1, 224
1, 16
1, 0
1, 208
1, 0
1, 0
1, 1184
1, 0
1, 176
1, 144
1, 0
1, 48
1, 208
1, 224
1, 0
1, 272
1, 96
1, 1280
1, 208
1, 0
1, 160
1, 48
1, 0
1, 160
1, 192
1, 0
1, 48
1, 224
1, 1024
1, 80
1, 192
1, 0
1, 32
1, 208
1, 32
1, 288
1, 0
1, 0
1, 128
1, 1296
1, 0
1, 48
1, 112
1, 0
1, 0
1, 272
1, 400
1, 0
1, 144
1, 16
1, 1232
1, 64
1, 0
1, 32
1, 336
1, 0
1, 0
1, 112
1, 320
1, 0
1, 64
1, 1280
1, 32
1, 288
1, 240
1, 80
1, 16
1, 0
1, 96
1, 160
1, 0
1, 0
1, 1136
1, 208
1, 0
1, 192
1, 288
1, 0
1, 64
1, 192
1, 0
1, 96
1, 0
1, 832
1, 304
1, 0
1, 0
1, 144
1, 336
1, 0
1, 144
1, 192
1, 352
1, 0
1, 1424
1, 144
1, 32
1, 80
1, 16
1, 336
1, 0
1, 16
1, 128
1, 256
1, 0
1, 1328
1, 176
1, 0
1, 144
1, 48
1, 224
1, 0
1, 128
1, 0
1, 160
1, 32
1, 960
1, 224
1, 208
1, 0
1, 176
1, 192
1, 0
1, 112
1, 128
1, 144
1, 0
1, 1280
1, 48
1, 0
1, 0
1, 80
1, 304
1, 384
1, 0
1, 48
1, 288
1, 0
1, 1024
1, 128
1, 176
1, 0
1, 128
1, 16
1, 80
1, 0
1, 0
1, 160
1, 192
1, 6049
1, 416
1, 256
1, 0
1, 32
1, 0
1, 64
1, 0
1, 112
1, 0
1, 96
1, 1104
1, 0
1, 64
1, 256
1, 0
1, 0
1, 160
1, 224
1, 0
1, 160
1, 176
1, 1280
1, 48
1, 0
1, 144
1, 0
1, 0
1, 160
1, 176
1, 0
1, 32
1, 336
1, 1392
1, 0
1, 208
1, 96
1, 64
1, 0
1, 0
1, 112
1, 288
1, 0
1, 0
1, 1424
1, 288
1, 0
1, 32
1, 400
1, 0
1, 64
1, 192
1, 32
1, 0
1, 240
1, 1104
1, 192
1, 0
1, 48
1, 64
1, 384
1, 0
1, 176
1, 256
1, 0
1, 160
1, 1344
1, 32
1, 64
1, 160
1, 0
1, 320
1, 0
1, 48
1, 192
1, 320
1, 0
1, 1248
1, 192
1, 0
1, 224
1, 144
1, 48
1, 0
1, 176
1, 144
1, 0
1, 96
1, 1216
1, 288
1, 0
1, 176
1, 128
1, 128
1, 0
1, 128
1, 32
1, 16
1, 0
1, 1120
1, 256
1, 0
1, 160
1, 176
1, 192
1, 0
1, 96
1, 400
1, 0
1, 96
1, 1200
1, 160
1, 0
1, 0
1, 224
1, 384
1, 0
1, 96
1, 288
1, 416
1, 0
1, 1168
1, 128
1, 0
1, 96
1, 192
1, 256
1, 0
1, 80
1, 256
1, 352
1, 0
1, 1104
1, 176
1, 0
1, 128
1, 224
1, 32
1, 0
1, 0
1, 80
1, 368
1, 0
1, 1232
1, 160
1, 0
1, 0
1, 160
1, 96
1, 80
1, 48
1, 144
1, 96
1, 272
1, 1088
1, 0
1, 64
1, 0
1, 80
1, 304
1, 240
1, 0
1, 128
1, 128
1, 160
1, 1200
1, 16
1, 128
1, 0
1, 0
1, 128
1, 192
1, 0
1, 48
1, 176
1, 256
1, 960
1, 80
1, 192
1, 0
1, 176
1, 128
1, 96
1, 48
1, 32
1, 80
1, 320
1, 672
1, 32
1, 16
1, 0
1, 160
1, 128
1, 16
1, 32
1, 0
1, 64
1, 304
1, 1072
1, 0
1, 96
1, 352
1, 0
1, 80
1, 80
1, 384
1, 0
1, 176
1, 80
1, 1136
1, 0
1, 240
1, 192
1, 0
1, 128
1, 176
1, 0
1, 64
1, 320
1, 320
1, 1088
1, 32
1, 16
1, 128
1, 0
1, 0
1, 272
1, 352
1, 0
1, 96
1, 272
1, 1088
1, 112
1, 128
1, 0
1, 96
1, 0
1, 64
1, 272
1, 0
1, 0
1, 176
1, 1360
1, 80
1, 256
1, 256
1, 0
1, 96
1, 0
1, 160
1, 96
1, 176
1, 128
1, 1200
1, 0
1, 64
1, 192
1, 0
1, 208
1, 192
1, 192
1, 0
1, 208
1, 48
1, 1184
1, 0
1, 160
1, 352
1, 0
1, 80
1, 176
1, 192
1, 0
1, 144
1, 160
1, 960
1, 96
1, 240
1, 96
1, 0
1, 0
1, 112
1, 320
1, 0
1, 80
1, 176
1, 1376
1, 0
1, 16
1, 320
1, 0
1, 80
1, 384
1, 16
1, 0
1, 48
1, 80
1, 1104
1, 0
1, 160
1, 176
1, 336
1, 0
1, 16
1, 288
1, 0
1, 0
1, 240
1, 1184
1, 64
1, 64
1, 112
1, 320
1, 0
1, 256
1, 208
1, 240
1, 0
1, 240
1, 1152
1, 176
1, 128
1, 32
1, 96
1, 16
1, 192
1, 208
1, 0
1, 80
1, 192
1, 1280
1, 160
1, 240
1, 128
1, 0
1, 208
1, 96
1, 240
1, 64
1, 0
1, 208
1, 1088
1, 0
1, 144
1, 256
1, 0
1, 64
1, 240
1, 64
1, 48
1, 192
1, 0
1, 1312
1, 160
1, 0
1, 160
1, 0
1, 1376
1, 672
1, 0
1, 160
1, 336
1, 0
1, 1056
1, 16
1, 0
1, 336
1, 0
1, 16
1, 208
1, 272
1, 0
1, 112
1, 176
1, 816
1, 128
1, 192
1, 64
1, 48
1, 0
1, 16
1, 320
1, 0
1, 144
1, 224
1, 816
1, 0
1, 160
1, 352
1, 0
1, 288
1, 240
1, 0
1, 0
1, 0
1, 0
1, 1440
1, 16
1, 96
1, 96
1, 368
1, 0
1, 32
1, 256
1, 384
1, 0
1, 256
1, 1328
1, 0
1, 208
1, 64
1, 336
1, 0
1, 192
1, 320
1, 192
1, 80
1, 192
1, 1296
1, 128
1, 160
1, 48
1, 80
1, 16
1, 144
1, 288
1, 0
1, 256
1, 320
1, 928
1, 208
1, 208
1, 16
1, 64
1, 160
1, 128
1, 112
1, 48
1, 160
1, 192
1, 1216
1, 0
1, 192
1, 0
1, 80
1, 272
1, 272
1, 0
1, 240
1, 304
1, 96
1, 1312
1, 0
1, 192
1, 80
1, 0
1, 48
1, 304
1, 0
1, 0
1, 208
1, 400
1, 912
1, 192
1, 112
1, 160
1, 400
1, 384
1, 144
1, 16
1, 224
1, 288
1, 0
1, 1184
1, 192
1, 64
1, 288
1, 0
1, 208
1, 48
1, 32
1, 144
1, 240
1, 16
1, 1024
1, 304
1, 0
1, 256
1, 240
1, 96
1, 208
1, 112
1, 128
1, 176
1, 0
1, 1296
1, 0
1, 96
1, 320
1, 416
1, 0
1, 112
1, 352
1, 0
1, 80
1, 272
1, 1184
1, 320
1, 48
1, 240
1, 304
1, 64
1, 128
1, 368
1, 0
1, 224
1, 272
1, 1216
1, 160
1, 208
1, 112
1, 128
1, 64
1, 144
1, 80
1, 32
1, 128
1, 512
1, 864
1, 64
1, 272
1, 160
1, 320
1, 32
1, 128
1, 112
1, 32
1, 304
1, 48
1, 928
1, 112
1, 0
1, 128
1, 416
1, 416
1, 256
1, 176
1, 112
1, 272
1, 368
1, 1248
1, 400
1, 16
1, 272
1, 0
1, 32
1, 224
1, 160
1, 96
1, 272
1, 336
1, 928
1, 320
1, 0
1, 160
1, 272
1, 0
1, 176
1, 240
1, 0
1, 144
1, 304
1, 816
1, 144
1, 256
1, 64
1, 256
1, 288
1, 176
1, 0
1, 0
1, 224
1, 384
1, 896
1, 0
1, 272
1, 224
1, 0
1, 144
1, 352
1, 128
1, 256
1, 96
1, 224
1, 1088
1, 0
1, 144
1, 112
1, 48
1, 208
1, 240
1, 224
1, 224
1, 256
1, 64
1, 1488
1, 0
1, 272
1, 192
1, 64
1, 432
1, 112
1, 224
1, 384
1, 208
1, 288
1, 1680
1, 400
1, 1728
1, 608
1, 32
1, 80
1, 224
1, 304
1, 352
1, 288
1, 64
1, 960
1, 336
1, 64
1, 224
1, 288
1, 128
1, 176
1, 96
1, 192
1, 272
1, 192
1, 1280
1, 256
1, 112
1, 192
1, 0
1, 384
1, 304
1, 80
1, 80
1, 416
1, 32
1, 1088
1, 304
1, 288
1, 384
1, 592
1, 320
1, 352
1, 240
1, 352
1, 192
1, 240
1, 1264
1, 32
1, 192
1, 144
1, 304
1, 416
1, 320
1, 336
1, 272
1, 320
1, 336
1, 1104
1, 448
1, 208
1, 256
1, 272
1, 112
1, 176
1, 352
1, 368
1, 432
1, 416
1, 1280
1, 80
1, 128
1, 96
1, 256
1, 336
1, 240
1, 192
1, 288
1, 384
1, 352
1, 1408
1, 256
1, 272
1, 352
1, 144
1, 256
1, 272
1, 336
1, 304
1, 384
1, 384
1, 1232
1, 272
1, 416
1, 160
1, 1344
1, 400
1, 400
1, 400
1, 256
1, 432
1, 256
1, 1360
1, 416
1, 160
1, 336
1, 416
1, 256
1, 400
1, 144
1, 592
1, 176
1, 240
1, 720
1, 416
1, 448
1, 384
1, 480
1, 384
1, 112
1, 384
1, 432
1, 128
1, 112
1, 1024
1, 304
1, 192
1, 304
1, 384
1, 304
1, 384
1, 352
1, 336
1, 464
1, 32
1, 1376
1, 224
1, 288
1, 272
1, 32
1, 400
1, 384
1, 192
1, 384
1, 352
1, 144
1, 1104
1, 192
1, 320
1, 368
1, 320
1, 160
1, 496
1, 368
1, 304
1, 416
1, 368
1, 1408
1, 272
1, 320
1, 288
1, 32
1, 416
1, 320
1, 240
1, 416
1, 352
1, 128
1, 1232
1, 496
1, 272
1, 544
1, 352
1, 416
1, 272
1, 560
1, 448
1, 80
1, 464
1, 1392
1, 480
1, 480
1, 240
1, 240
1, 512
1, 368
1, 288
1, 352
1, 352
1, 272
1, 640
1, 320
1, 1648
1, 384
1, 624
1, 128
1, 224
1, 384
1, 352
1, 384
1, 544
1, 1360
1, 416
1, 608
1, 528
1, 224
1, 432
1, 352
1, 128
1, 496
1, 336
1, 256
1, 992
1, 240
1, 448
1, 80
1, 544
1, 496
1, 160
1, 464
1, 240
1, 176
1, 384
1, 1088
1, 624
1, 384
1, 576
1, 464
1, 288
1, 656
1, 464
1, 160
1, 592
1, 288
1, 960
1, 336
1, 432
1, 64
1, 320
1, 576
1, 528
1, 80
1, 288
1, 528
1, 0
1, 1168
1, 320
1, 80
1, 304
1, 544
1, 384
1, 128
1, 400
1, 560
1, 1552
1, 800
1, 1440
1, 176
1, 576
1, 496
1, 256
1, 304
1, 416
1, 0
1, 224
1, 816
1, 592
1, 320
1, 256
1, 480
1, 0
1, 336
1, 640
1, 528
1, 0
1, 464
1, 480
1, 0
1, 992
1, 464
1, 432
1, 160
1, 480
1, 656
1, 0
1, 464
1, 592
1, 608
1, 0
1, 1040
1, 560
1, 160
1, 320
1, 720
1, 64
1, 80
1, 592
1, 608
1, 0
1, 528
1, 1216
1, 96
1, 240
1, 624
1, 320
1, 0
1, 496
1, 320
1, 0
1, 0
1, 256
1, 1248
1, 96
1, 448
1, 496
1, 0
1, 384
1, 560
1, 512
1, 96
1, 496
1, 608
1, 544
1, 336
1, 512
1, 656
1, 208
1, 480
1, 624
1, 160
1, 208
1, 448
1, 0
1, 832
1, 432
1, 512
1, 192
1, 368
1, 368
1, 80
1, 400
1, 432
1, 0
1, 320
1, 912
1, 512
1, 112
1, 432
1, 480
1, 0
1, 0
1, 400
1, 816
1, 0
1, 208
1, 1088
1, 240
1, 208
1, 560
1, 640
1, 0
1, 320
1, 640
1, 0
1, 0
1, 560
1, 1056
1, 80
1, 368
1, 640
1, 192
1, 0
1, 208
1, 544
1, 16
1, 320
1, 560
1, 400
1, 272
1, 416
1, 608
1, 272
1, 0
1, 176
1, 0
1, 0
1, 128
1, 480
1, 528
1, 368
1, 448
1, 48
1, 288
1, 352
1, 496
1, 32
1, 160
1, 464
1, 0
1, 544
1, 640
